[gd_scene load_steps=15 format=3 uid="uid://bmgyf6xj5nywp"]

[ext_resource type="Material" uid="uid://dsbw4r4dv5itt" path="res://assets/material-tray.tres" id="1_3ym54"]
[ext_resource type="PackedScene" uid="uid://n2gnhglj0xu7" path="res://dice/d6.tscn" id="2_noqyp"]
[ext_resource type="PackedScene" uid="uid://baom1djmb4wag" path="res://dice/d8.tscn" id="3_c5odn"]
[ext_resource type="PackedScene" uid="uid://dq5n20yifaxto" path="res://ui/UI.tscn" id="3_feucb"]

[sub_resource type="BoxShape3D" id="BoxShape3D_58oft"]
size = Vector3(50, 1, 50)

[sub_resource type="PlaneMesh" id="PlaneMesh_3xr4h"]
size = Vector2(50, 50)

[sub_resource type="BoxShape3D" id="BoxShape3D_b3eik"]
size = Vector3(50, 20, 1)

[sub_resource type="BoxMesh" id="BoxMesh_phx6d"]

[sub_resource type="BoxShape3D" id="BoxShape3D_8mk4x"]
size = Vector3(50, 20, 1)

[sub_resource type="BoxMesh" id="BoxMesh_617tb"]

[sub_resource type="BoxShape3D" id="BoxShape3D_3k2ae"]
size = Vector3(1, 20, 50)

[sub_resource type="BoxMesh" id="BoxMesh_ef1hq"]

[sub_resource type="BoxShape3D" id="BoxShape3D_yfc8e"]
size = Vector3(1, 20, 50)

[sub_resource type="BoxMesh" id="BoxMesh_lpejv"]

[node name="App" type="Node3D"]

[node name="Camera3D" type="Camera3D" parent="."]
transform = Transform3D(1, 0, 0, 0, 0.422618, 0.906308, 0, -0.906308, 0.422618, 0, 10, 7)

[node name="DirectionalLight3D" type="DirectionalLight3D" parent="."]
transform = Transform3D(0.637558, -0.303667, -0.70803, 0.770402, 0.251304, 0.585941, -2.01116e-09, -0.919039, 0.394166, 0, 50, 0)

[node name="DiceTray" type="Node3D" parent="."]

[node name="Floor" type="StaticBody3D" parent="DiceTray"]

[node name="CollisionShape3D" type="CollisionShape3D" parent="DiceTray/Floor"]
shape = SubResource("BoxShape3D_58oft")

[node name="MeshInstance3D" type="MeshInstance3D" parent="DiceTray/Floor/CollisionShape3D"]
mesh = SubResource("PlaneMesh_3xr4h")
surface_material_override/0 = ExtResource("1_3ym54")

[node name="WallNorth" type="StaticBody3D" parent="DiceTray/Floor"]
transform = Transform3D(1, 0, 0, 0, 1, 0, 0, 0, 1, 0, 10, -25)

[node name="CollisionShape3D" type="CollisionShape3D" parent="DiceTray/Floor/WallNorth"]
shape = SubResource("BoxShape3D_b3eik")

[node name="MeshInstance3D" type="MeshInstance3D" parent="DiceTray/Floor/WallNorth/CollisionShape3D"]
transform = Transform3D(50, 0, 0, 0, 20, 0, 0, 0, 1, 0, 0, 0)
mesh = SubResource("BoxMesh_phx6d")
surface_material_override/0 = ExtResource("1_3ym54")

[node name="WallSouth" type="StaticBody3D" parent="DiceTray/Floor"]
transform = Transform3D(1, 0, 0, 0, 1, 0, 0, 0, 1, 0, 10, 25)

[node name="CollisionShape3D" type="CollisionShape3D" parent="DiceTray/Floor/WallSouth"]
shape = SubResource("BoxShape3D_8mk4x")

[node name="MeshInstance3D" type="MeshInstance3D" parent="DiceTray/Floor/WallSouth/CollisionShape3D"]
transform = Transform3D(50, 0, 0, 0, 20, 0, 0, 0, 1, 0, 0, 0)
mesh = SubResource("BoxMesh_617tb")
surface_material_override/0 = ExtResource("1_3ym54")

[node name="WallEast" type="StaticBody3D" parent="DiceTray/Floor"]
transform = Transform3D(1, 0, 0, 0, 1, 0, 0, 0, 1, 25, 10, 0)

[node name="CollisionShape3D" type="CollisionShape3D" parent="DiceTray/Floor/WallEast"]
shape = SubResource("BoxShape3D_3k2ae")

[node name="MeshInstance3D" type="MeshInstance3D" parent="DiceTray/Floor/WallEast/CollisionShape3D"]
transform = Transform3D(1, 0, 0, 0, 20, 0, 0, 0, 50, 0, 0, 0)
mesh = SubResource("BoxMesh_ef1hq")
surface_material_override/0 = ExtResource("1_3ym54")

[node name="WallWest" type="StaticBody3D" parent="DiceTray/Floor"]
transform = Transform3D(1, 0, 0, 0, 1, 0, 0, 0, 1, -25, 10, 0)

[node name="CollisionShape3D" type="CollisionShape3D" parent="DiceTray/Floor/WallWest"]
shape = SubResource("BoxShape3D_yfc8e")

[node name="MeshInstance3D" type="MeshInstance3D" parent="DiceTray/Floor/WallWest/CollisionShape3D"]
transform = Transform3D(1, 0, 0, 0, 20, 0, 0, 0, 50, 0, 0, 0)
mesh = SubResource("BoxMesh_lpejv")
surface_material_override/0 = ExtResource("1_3ym54")

[node name="Dice" type="Node3D" parent="."]
unique_name_in_owner = true

[node name="d6" parent="Dice" instance=ExtResource("2_noqyp")]
transform = Transform3D(0.968542, -0.21706, 0.121702, 0.224643, 0.973035, -0.052336, -0.107061, 0.0780291, 0.991186, 1, 25, 0)

[node name="d8" parent="Dice" instance=ExtResource("3_c5odn")]
transform = Transform3D(0.992621, -0.110017, 0.0509946, 0.118746, 0.967107, -0.224951, -0.0245688, 0.229346, 0.973035, -2, 25, 0)

[node name="UI" parent="." instance=ExtResource("3_feucb")]
